921 
13136 
6344 
-5549 
2287 
-2183 
5544 
-2881 
1353 
-2044 
921 
13136 
6346 
-5554 
2288 
-2184 
5545 
-2882 
1353 
-2045 
921 
13136 
6351 
-5557 
2289 
-2185 
5544 
-2883 
1353 
-2045 
922 
13136 
6355 
-5563 
2292 
-2187 
5545 
-2884 
1353 
-2045 
922 
13135 
6360 
-5566 
2293 
-2188 
5546 
-2884 
1353 
-2045 
922 
13135 
6365 
-5571 
2294 
-2189 
5547 
-2885 
1352 
-2045 
922 
13134 
6368 
-5580 
2295 
-2192 
5546 
-2887 
1352 
-2046 
922 
13134 
6373 
-5589 
2297 
-2195 
5545 
-2890 
1351 
-2048 
922 
13133 
6377 
-5594 
2298 
-2197 
5544 
-2891 
1351 
-2048 
923 
13132 
6382 
-5598 
2299 
-2198 
5546 
-2891 
1350 
-2049 
923 
13132 
6387 
-5608 
2300 
-2200 
5547 
-2894 
1350 
-2050 
923 
13131 
6392 
-5616 
2301 
-2203 
5548 
-2896 
1349 
-2051 
923 
13131 
6398 
-5621 
2302 
-2205 
5548 
-2897 
1349 
-2051 
923 
13131 
6403 
-5629 
2303 
-2207 
5548 
-2898 
1348 
-2052 
923 
13130 
6408 
-5632 
2305 
-2207 
5548 
-2897 
1348 
-2052 
923 
13130 
6413 
-5637 
2306 
-2208 
5548 
-2897 
1347 
-2052 
923 
13129 
6419 
-5645 
2307 
-2211 
5549 
-2899 
1346 
-2053 
923 
13128 
6425 
-5651 
2309 
-2213 
5549 
-2901 
1346 
-2054 
924 
13128 
6431 
-5653 
2310 
-2213 
5550 
-2899 
1346 
-2053 
924 
13127 
6438 
-5655 
2311 
-2214 
5550 
-2899 
1346 
-2053 
924 
13126 
6443 
-5661 
2312 
-2215 
5551 
-2899 
1346 
-2053 
924 
13125 
6450 
-5661 
2314 
-2214 
5552 
-2897 
1346 
-2052 
924 
13124 
6455 
-5670 
2315 
-2217 
5553 
-2899 
1345 
-2053 
924 
13123 
6462 
-5674 
2317 
-2218 
5554 
-2899 
1345 
-2054 
924 
13122 
6468 
-5682 
2318 
-2220 
5554 
-2901 
1344 
-2055 
924 
13121 
6476 
-5681 
2319 
-2219 
5554 
-2899 
1344 
-2054 
924 
13121 
6483 
-5688 
2320 
-2221 
5554 
-2900 
1344 
-2054 
924 
13120 
6490 
-5693 
2321 
-2222 
5553 
-2900 
1344 
-2055 
924 
13119 
6496 
-5701 
2321 
-2224 
5554 
-2902 
1343 
-2056 
924 
13118 
6502 
-5709 
2322 
-2226 
5555 
-2903 
1342 
-2058 
924 
13117 
6508 
-5716 
2323 
-2228 
5556 
-2904 
1342 
-2059 
924 
13116 
6514 
-5722 
2324 
-2229 
5556 
-2905 
1341 
-2060 
924 
13115 
6520 
-5726 
2325 
-2230 
5555 
-2905 
1341 
-2060 
924 
13114 
6526 
-5728 
2326 
-2230 
5556 
-2904 
1341 
-2059 
924 
13113 
6533 
-5726 
2327 
-2229 
5557 
-2902 
1340 
-2058 
924 
13111 
6539 
-5726 
2328 
-2229 
5557 
-2900 
1340 
-2057 
924 
13110 
6546 
-5725 
2329 
-2228 
5558 
-2898 
1341 
-2056 
924 
13109 
6552 
-5727 
2330 
-2228 
5559 
-2897 
1341 
-2056 
924 
13108 
6558 
-5733 
2331 
-2230 
5559 
-2898 
1340 
-2056 
924 
13107 
6566 
-5731 
2334 
-2229 
5560 
-2896 
1341 
-2055 
924 
13106 
6571 
-5739 
2335 
-2231 
5561 
-2897 
1341 
-2056 
924 
13105 
6578 
-5745 
2336 
-2232 
5560 
-2897 
1341 
-2057 
924 
13104 
6584 
-5744 
2337 
-2231 
5560 
-2895 
1341 
-2056 
924 
13103 
6589 
-5746 
2337 
-2231 
5559 
-2893 
1341 
-2056 
924 
13102 
6596 
-5748 
2338 
-2231 
5559 
-2893 
1341 
-2055 
924 
13101 
6603 
-5747 
2338 
-2230 
5560 
-2890 
1341 
-2054 
924 
13100 
6610 
-5747 
2339 
-2230 
5562 
-2889 
1341 
-2053 
924 
13099 
6617 
-5749 
2340 
-2229 
5562 
-2887 
1341 
-2053 
924 
13098 
6623 
-5758 
2341 
-2232 
5563 
-2889 
1341 
-2055 
924 
13097 
6629 
-5764 
2341 
-2233 
5563 
-2890 
1341 
-2056 
924 
13095 
6635 
-5772 
2342 
-2235 
5562 
-2892 
1340 
-2057 
924 
13095 
6641 
-5778 
2342 
-2236 
5562 
-2893 
1340 
-2058 
924 
13094 
6647 
-5786 
2343 
-2238 
5562 
-2894 
1340 
-2059 
924 
13093 
6652 
-5793 
2343 
-2240 
5563 
-2896 
1339 
-2061 
924 
13092 
6657 
-5800 
2343 
-2241 
5562 
-2897 
1338 
-2062 
924 
13090 
6663 
-5807 
2345 
-2243 
5562 
-2898 
1338 
-2063 
924 
13089 
6670 
-5805 
2347 
-2242 
5562 
-2896 
1339 
-2063 
924 
13088 
6677 
-5809 
2348 
-2243 
5562 
-2896 
1339 
-2063 
924 
13087 
6683 
-5813 
2348 
-2244 
5563 
-2896 
1338 
-2063 
924 
13086 
6691 
-5816 
2349 
-2244 
5564 
-2895 
1339 
-2064 
924 
13085 
6696 
-5823 
2350 
-2246 
5562 
-2897 
1339 
-2065 
924 
13084 
6703 
-5822 
2351 
-2245 
5562 
-2894 
1339 
-2064 
924 
13083 
6711 
-5823 
2352 
-2245 
5563 
-2892 
1339 
-2063 
924 
13083 
6717 
-5827 
2353 
-2246 
5563 
-2892 
1339 
-2064 
924 
13082 
6722 
-5829 
2355 
-2246 
5563 
-2891 
1339 
-2064 
924 
13080 
6728 
-5829 
2356 
-2245 
5563 
-2889 
1339 
-2063 
924 
13079 
6733 
-5828 
2357 
-2245 
5563 
-2888 
1340 
-2063 
924 
13078 
6739 
-5832 
2357 
-2246 
5563 
-2888 
1341 
-2064 
924 
13077 
6745 
-5830 
2358 
-2245 
5564 
-2886 
1341 
-2063 
924 
13076 
6750 
-5833 
2358 
-2245 
5563 
-2885 
1341 
-2063 
924 
13075 
6756 
-5834 
2360 
-2245 
5564 
-2884 
1341 
-2062 
924 
13074 
6762 
-5835 
2361 
-2245 
5564 
-2883 
1342 
-2062 
924 
13073 
6767 
-5842 
2361 
-2247 
5564 
-2884 
1342 
-2063 
924 
13073 
6771 
-5849 
2361 
-2248 
5564 
-2885 
1341 
-2065 
923 
13071 
6777 
-5846 
2362 
-2247 
5565 
-2883 
1341 
-2063 
923 
13071 
6783 
-5850 
2364 
-2248 
5565 
-2884 
1341 
-2064 
923 
13070 
6788 
-5851 
2364 
-2248 
5566 
-2882 
1342 
-2063 
923 
13069 
6793 
-5858 
2364 
-2249 
5565 
-2884 
1341 
-2065 
923 
13068 
6798 
-5861 
2365 
-2250 
5566 
-2884 
1341 
-2065 
923 
13066 
6803 
-5860 
2367 
-2249 
5565 
-2882 
1341 
-2064 
923 
13066 
6809 
-5867 
2366 
-2251 
5564 
-2883 
1341 
-2065 
923 
13064 
6815 
-5869 
2367 
-2251 
5565 
-2882 
1341 
-2065 
923 
13063 
6820 
-5872 
2368 
-2251 
5567 
-2882 
1342 
-2066 
923 
13062 
6825 
-5878 
2368 
-2252 
5566 
-2883 
1341 
-2067 
923 
13061 
6831 
-5876 
2368 
-2251 
5566 
-2881 
1342 
-2066 
923 
13060 
6836 
-5884 
2369 
-2253 
5565 
-2883 
1342 
-2067 
923 
13059 
6841 
-5889 
2371 
-2254 
5563 
-2883 
1342 
-2068 
923 
13058 
6846 
-5886 
2372 
-2253 
5563 
-2880 
1342 
-2067 
923 
13057 
6851 
-5892 
2373 
-2254 
5564 
-2881 
1342 
-2068 
923 
13056 
6857 
-5891 
2374 
-2253 
5564 
-2879 
1342 
-2067 
923 
13055 
6863 
-5894 
2374 
-2254 
5563 
-2879 
1341 
-2067 
923 
13054 
6869 
-5892 
2375 
-2253 
5564 
-2877 
1341 
-2066 
923 
13053 
6875 
-5895 
2376 
-2253 
5565 
-2876 
1341 
-2066 
923 
13052 
6881 
-5895 
2377 
-2253 
5566 
-2874 
1342 
-2066 
923 
13051 
6886 
-5902 
2378 
-2254 
5566 
-2875 
1342 
-2067 
923 
13050 
6892 
-5908 
2379 
-2256 
5567 
-2877 
1341 
-2068 
923 
13049 
6898 
-5911 
2380 
-2256 
5567 
-2876 
1342 
-2068 
923 
13048 
6903 
-5914 
2382 
-2257 
5568 
-2876 
1342 
-2069 
923 
13047 
6909 
-5921 
2383 
-2258 
5569 
-2877 
1342 
-2070 
923 
13046 
6915 
-5928 
2383 
-2260 
5569 
-2878 
1341 
-2071 
923 
13045 
6921 
-5935 
2384 
-2262 
5568 
-2879 
1341 
-2072 
923 
13044 
6927 
-5932 
2384 
-2260 
5569 
-2877 
1341 
-2071 
923 
13043 
6933 
-5933 
2386 
-2260 
5570 
-2876 
1342 
-2071 
923 
13043 
6939 
-5937 
2386 
-2261 
5569 
-2875 
1342 
-2071 
923 
13043 
6945 
-5940 
2388 
-2261 
5569 
-2874 
1342 
-2071 
923 
13044 
6951 
-5945 
2389 
-2262 
5569 
-2875 
1343 
-2072 
923 
13043 
6957 
-5943 
2390 
-2261 
5569 
-2872 
1343 
-2071 
923 
13043 
6963 
-5946 
2391 
-2262 
5569 
-2872 
1342 
-2071 
923 
13043 
6968 
-5953 
2390 
-2264 
5568 
-2874 
1342 
-2072 
923 
13043 
6974 
-5958 
2391 
-2265 
5568 
-2874 
1342 
-2073 
923 
13042 
6980 
-5965 
2390 
-2266 
5568 
-2876 
1341 
-2074 
924 
13042 
6986 
-5971 
2391 
-2267 
5569 
-2876 
1342 
-2075 
924 
13041 
6992 
-5972 
2391 
-2267 
5569 
-2875 
1342 
-2075 
924 
13041 
6998 
-5978 
2392 
-2268 
5569 
-2875 
1342 
-2076 
924 
13040 
7005 
-5976 
2393 
-2267 
5569 
-2873 
1343 
-2074 
924 
13040 
7011 
-5981 
2394 
-2268 
5569 
-2873 
1343 
-2075 
924 
13039 
7016 
-5985 
2395 
-2269 
5570 
-2873 
1343 
-2076 
924 
13039 
7023 
-5991 
2397 
-2270 
5569 
-2874 
1343 
-2077 
924 
13038 
7029 
-5997 
2397 
-2272 
5570 
-2875 
1343 
-2078 
924 
13038 
7034 
-6003 
2397 
-2273 
5568 
-2876 
1343 
-2079 
924 
13037 
7040 
-6006 
2398 
-2274 
5567 
-2876 
1343 
-2080 
924 
13036 
7045 
-6012 
2398 
-2275 
5566 
-2877 
1343 
-2081 
924 
13036 
7050 
-6016 
2399 
-2276 
5565 
-2877 
1343 
-2081 
924 
13035 
7055 
-6015 
2399 
-2275 
5564 
-2875 
1343 
-2080 
924 
13034 
7059 
-6015 
2400 
-2274 
5565 
-2873 
1344 
-2079 
924 
13034 
7065 
-6018 
2401 
-2274 
5566 
-2872 
1344 
-2080 
924 
13034 
7070 
-6018 
2401 
-2273 
5566 
-2870 
1344 
-2079 
924 
13033 
7075 
-6015 
2402 
-2272 
5566 
-2868 
1344 
-2077 
924 
13033 
7079 
-6020 
2403 
-2273 
5567 
-2869 
1344 
-2078 
924 
13032 
7084 
-6015 
2404 
-2271 
5567 
-2866 
1344 
-2076 
924 
13032 
7090 
-6017 
2404 
-2271 
5567 
-2865 
1344 
-2076 
924 
13031 
7095 
-6015 
2406 
-2271 
5568 
-2864 
1345 
-2075 
924 
13030 
7100 
-6014 
2407 
-2270 
5568 
-2862 
1344 
-2074 
924 
13030 
7104 
-6021 
2407 
-2272 
5567 
-2864 
1344 
-2075 
924 
13029 
7110 
-6018 
2407 
-2271 
5569 
-2862 
1345 
-2074 
924 
13029 
7116 
-6022 
2408 
-2271 
5569 
-2862 
1345 
-2074 
924 
13028 
7121 
-6025 
2410 
-2272 
5569 
-2862 
1345 
-2074 
924 
13027 
7126 
-6023 
2410 
-2271 
5569 
-2860 
1345 
-2074 
924 
13027 
7132 
-6025 
2411 
-2271 
5569 
-2860 
1345 
-2074 
924 
13026 
7136 
-6032 
2412 
-2273 
5569 
-2861 
1345 
-2075 
924 
13026 
7136 
-6032 
2412 
-2273 
5569 
-2861 
1345 
-2075 
924 
13026 
7136 
-6032 
2412 
-2273 
5569 
-2861 
1345 
-2075 
924 
13026 
7136 
-6032 
2412 
-2273 
5569 
-2861 
1345 
-2075 
924 
13026 
7136 
-6032 
2412 
-2273 
5569 
-2861 
1345 
-2075 
924 
13025 
7142 
-6034 
2413 
-2273 
5570 
-2861 
1345 
-2075 
924 
13025 
7142 
-6034 
2413 
-2273 
5570 
-2861 
1345 
-2075 
924 
13025 
7142 
-6034 
2413 
-2273 
5570 
-2861 
1345 
-2075 
924 
13025 
7142 
-6034 
2413 
-2273 
5570 
-2861 
1345 
-2075 
924 
13025 
7142 
-6034 
2413 
-2273 
5570 
-2861 
1345 
-2075 
924 
13025 
7142 
-6034 
2413 
-2273 
5570 
-2861 
1345 
-2075 
924 
13025 
7142 
-6034 
2413 
-2273 
5570 
-2861 
1345 
-2075 
924 
13025 
7142 
-6034 
2413 
-2273 
5570 
-2861 
1345 
-2075 
924 
13025 
7142 
-6034 
2413 
-2273 
5570 
-2861 
1345 
-2075 
924 
13025 
7142 
-6034 
2413 
-2273 
5570 
-2861 
1345 
-2075 
924 
13025 
7142 
-6034 
2413 
-2273 
5570 
-2861 
1345 
-2075 
924 
13025 
7142 
-6034 
2413 
-2273 
5570 
-2861 
1345 
-2075 
924 
13025 
7142 
-6034 
2413 
-2273 
5570 
-2861 
1345 
-2075 
924 
13025 
7142 
-6034 
2413 
-2273 
5570 
-2861 
1345 
-2075 
924 
13025 
7142 
-6034 
2413 
-2273 
5570 
-2861 
1345 
-2075 
924 
13025 
7142 
-6034 
2413 
-2273 
5570 
-2861 
1345 
-2075 
924 
13025 
7142 
-6034 
2413 
-2273 
5570 
-2861 
1345 
-2075 
924 
13025 
7142 
-6034 
2413 
-2273 
5570 
-2861 
1345 
-2075 
924 
13025 
7142 
-6034 
2413 
-2273 
5570 
-2861 
1345 
-2075 
924 
13025 
7142 
-6034 
2413 
-2273 
5570 
-2861 
1345 
-2075 
924 
13025 
7142 
-6034 
2413 
-2273 
5570 
-2861 
1345 
-2075 
924 
13025 
7142 
-6034 
2413 
-2273 
5570 
-2861 
1345 
-2075 
924 
13025 
7142 
-6034 
2413 
-2273 
5570 
-2861 
1345 
-2075 
924 
13025 
7142 
-6034 
2413 
-2273 
5570 
-2861 
1345 
-2075 
924 
13025 
7142 
-6034 
2413 
-2273 
5570 
-2861 
1345 
-2075 
924 
13025 
7142 
-6034 
2413 
-2273 
5570 
-2861 
1345 
-2075 
924 
13025 
7142 
-6034 
2413 
-2273 
5570 
-2861 
1345 
-2075 
924 
13025 
7142 
-6034 
2413 
-2273 
5570 
-2861 
1345 
-2075 
924 
13025 
7142 
-6034 
2413 
-2273 
5570 
-2861 
1345 
-2075 
924 
13025 
7142 
-6034 
2413 
-2273 
5570 
-2861 
1345 
-2075 
924 
13025 
7142 
-6034 
2413 
-2273 
5570 
-2861 
1345 
-2075 
924 
13025 
7142 
-6034 
2413 
-2273 
5570 
-2861 
1345 
-2075 
924 
13025 
7142 
-6034 
2413 
-2273 
5570 
-2861 
1345 
-2075 
924 
13025 
7142 
-6034 
2413 
-2273 
5570 
-2861 
1345 
-2075 
924 
13025 
7142 
-6034 
2413 
-2273 
5570 
-2861 
1345 
-2075 
924 
13025 
7142 
-6034 
2413 
-2273 
5570 
-2861 
1345 
-2075 
924 
13025 
7142 
-6034 
2413 
-2273 
5570 
-2861 
1345 
-2075 
924 
13025 
7142 
-6034 
2413 
-2273 
5570 
-2861 
1345 
-2075 
924 
13025 
7142 
-6034 
2413 
-2273 
5570 
-2861 
1345 
-2075 
924 
13025 
7142 
-6034 
2413 
-2273 
5570 
-2861 
1345 
-2075 
924 
13025 
7142 
-6034 
2413 
-2273 
5570 
-2861 
1345 
-2075 
924 
13025 
7142 
-6034 
2413 
-2273 
5570 
-2861 
1345 
-2075 
924 
13025 
7142 
-6034 
2413 
-2273 
5570 
-2861 
1345 
-2075 
924 
13025 
7142 
-6034 
2413 
-2273 
5570 
-2861 
1345 
-2075 
924 
13025 
7142 
-6034 
2413 
-2273 
5570 
-2861 
1345 
-2075 
924 
13025 
7142 
-6034 
2413 
-2273 
5570 
-2861 
1345 
-2075 
924 
13025 
7142 
-6034 
2413 
-2273 
5570 
-2861 
1345 
-2075 
924 
13025 
7142 
-6034 
2413 
-2273 
5570 
-2861 
1345 
-2075 
924 
13025 
7142 
-6034 
2413 
-2273 
5570 
-2861 
1345 
-2075 
924 
13025 
7142 
-6034 
2413 
-2273 
5570 
-2861 
1345 
-2075 
924 
13025 
7142 
-6034 
2413 
-2273 
5570 
-2861 
1345 
-2075 
924 
13025 
7142 
-6034 
2413 
-2273 
5570 
-2861 
1345 
-2075 
924 
13025 
7142 
-6034 
2413 
-2273 
5570 
-2861 
1345 
-2075 
924 
13025 
7142 
-6034 
2413 
-2273 
5570 
-2861 
1345 
-2075 
924 
13025 
7142 
-6034 
2413 
-2273 
5570 
-2861 
1345 
-2075 
924 
13025 
7142 
-6034 
2413 
-2273 
5570 
-2861 
1345 
-2075 
924 
13025 
7142 
-6034 
2413 
-2273 
5570 
-2861 
1345 
-2075 
924 
13025 
7142 
-6034 
2413 
-2273 
5570 
-2861 
1345 
-2075 
924 
13025 
7142 
-6034 
2413 
-2273 
5570 
-2861 
1345 
-2075 
924 
13025 
7142 
-6034 
2413 
-2273 
5570 
-2861 
1345 
-2075 
924 
13025 
7142 
-6034 
2413 
-2273 
5570 
-2861 
1345 
-2075 
924 
13025 
7142 
-6034 
2413 
-2273 
5570 
-2861 
1345 
-2075 
924 
13025 
7142 
-6034 
2413 
-2273 
5570 
-2861 
1345 
-2075 
924 
13025 
7142 
-6034 
2413 
-2273 
5570 
-2861 
1345 
-2075 
924 
13025 
7142 
-6034 
2413 
-2273 
5570 
-2861 
1345 
-2075 
924 
13025 
7142 
-6034 
2413 
-2273 
5570 
-2861 
1345 
-2075 
924 
13025 
7142 
-6034 
2413 
-2273 
5570 
-2861 
1345 
-2075 
924 
13025 
7142 
-6034 
2413 
-2273 
5570 
-2861 
1345 
-2075 
924 
13025 
7142 
-6034 
2413 
-2273 
5570 
-2861 
1345 
-2075 
924 
13025 
7142 
-6034 
2413 
-2273 
5570 
-2861 
1345 
-2075 
924 
13025 
7142 
-6034 
2413 
-2273 
5570 
-2861 
1345 
-2075 
924 
13025 
7142 
-6034 
2413 
-2273 
5570 
-2861 
1345 
-2075 
924 
13025 
7142 
-6034 
2413 
-2273 
5570 
-2861 
1345 
-2075 
924 
13025 
7142 
-6034 
2413 
-2273 
5570 
-2861 
1345 
-2075 
924 
13025 
7142 
-6034 
2413 
-2273 
5570 
-2861 
1345 
-2075 
924 
13025 
7142 
-6034 
2413 
-2273 
5570 
-2861 
1345 
-2075 
924 
13025 
7142 
-6034 
2413 
-2273 
5570 
-2861 
1345 
-2075 
924 
13025 
7142 
-6034 
2413 
-2273 
5570 
-2861 
1345 
-2075 
924 
13025 
7142 
-6034 
2413 
-2273 
5570 
-2861 
1345 
-2075 
924 
13025 
7142 
-6034 
2413 
-2273 
5570 
-2861 
1345 
-2075 
924 
13025 
7142 
-6034 
2413 
-2273 
5570 
-2861 
1345 
-2075 
924 
13025 
7142 
-6034 
2413 
-2273 
5570 
-2861 
1345 
-2075 
924 
13025 
7142 
-6034 
2413 
-2273 
5570 
-2861 
1345 
-2075 
924 
13025 
7142 
-6034 
2413 
-2273 
5570 
-2861 
1345 
-2075 
924 
13025 
7142 
-6034 
2413 
-2273 
5570 
-2861 
1345 
-2075 
924 
13025 
7142 
-6034 
2413 
-2273 
5570 
-2861 
1345 
-2075 
924 
13025 
7142 
-6034 
2413 
-2273 
5570 
-2861 
1345 
-2075 
924 
13025 
7142 
-6034 
2413 
-2273 
5570 
-2861 
1345 
-2075 
924 
13025 
7142 
-6034 
2413 
-2273 
5570 
-2861 
1345 
-2075 
924 
13025 
7142 
-6034 
2413 
-2273 
5570 
-2861 
1345 
-2075 
924 
13025 
7142 
-6034 
2413 
-2273 
5570 
-2861 
1345 
-2075 
924 
13025 
7142 
-6034 
2413 
-2273 
5570 
-2861 
1345 
-2075 
924 
13025 
7142 
-6034 
2413 
-2273 
5570 
-2861 
1345 
-2075 
924 
13025 
7142 
-6034 
2413 
-2273 
5570 
-2861 
1345 
-2075 
924 
13025 
7142 
-6034 
2413 
-2273 
5570 
-2861 
1345 
-2075 
924 
13025 
7142 
-6034 
2413 
-2273 
5570 
-2861 
1345 
-2075 
924 
13025 
7142 
-6034 
2413 
-2273 
5570 
-2861 
1345 
-2075 
924 
13025 
7142 
-6034 
2413 
-2273 
5570 
-2861 
1345 
-2075 
924 
13025 
7142 
-6034 
2413 
-2273 
5570 
-2861 
1345 
-2075 
924 
13025 
7142 
-6034 
2413 
-2273 
5570 
-2861 
1345 
-2075 
924 
13025 
7142 
-6034 
2413 
-2273 
5570 
-2861 
1345 
-2075 
924 
13025 
7142 
-6034 
2413 
-2273 
5570 
-2861 
1345 
-2075 
924 
13025 
7142 
-6034 
2413 
-2273 
5570 
-2861 
1345 
-2075 
924 
13025 
7142 
-6034 
2413 
-2273 
5570 
-2861 
1345 
-2075 
924 
13025 
7142 
-6034 
2413 
-2273 
5570 
-2861 
1345 
-2075 
924 
13025 
7142 
-6034 
2413 
-2273 
5570 
-2861 
1345 
-2075 
924 
13025 
7142 
-6034 
2413 
-2273 
5570 
-2861 
1345 
-2075 
924 
13025 
7142 
-6034 
2413 
-2273 
5570 
-2861 
1345 
-2075 
924 
13025 
7142 
-6034 
2413 
-2273 
5570 
-2861 
1345 
-2075 
924 
13025 
7142 
-6034 
2413 
-2273 
5570 
-2861 
1345 
-2075 
924 
13025 
7142 
-6034 
2413 
-2273 
5570 
-2861 
1345 
-2075 
924 
13025 
7142 
-6034 
2413 
-2273 
5570 
-2861 
1345 
-2075 
924 
13025 
7142 
-6034 
2413 
-2273 
5570 
-2861 
1345 
-2075 
924 
13025 
7142 
-6034 
2413 
-2273 
5570 
-2861 
1345 
-2075 
924 
13025 
7142 
-6034 
2413 
-2273 
5570 
-2861 
1345 
-2075 
924 
13025 
7142 
-6034 
2413 
-2273 
5570 
-2861 
1345 
-2075 
924 
13025 
7142 
-6034 
2413 
-2273 
5570 
-2861 
1345 
-2075 
924 
13025 
7142 
-6034 
2413 
-2273 
5570 
-2861 
1345 
-2075 
924 
13025 
7142 
-6034 
2413 
-2273 
5570 
-2861 
1345 
-2075 
924 
13025 
7142 
-6034 
2413 
-2273 
5570 
-2861 
1345 
-2075 
924 
13025 
7142 
-6034 
2413 
-2273 
5570 
-2861 
1345 
-2075 
924 
13025 
7142 
-6034 
2413 
-2273 
5570 
-2861 
1345 
-2075 
924 
13025 
7142 
-6034 
2413 
-2273 
5570 
-2861 
1345 
-2075 
924 
13025 
7142 
-6034 
2413 
-2273 
5570 
-2861 
1345 
-2075 
924 
13025 
7142 
-6034 
2413 
-2273 
5570 
-2861 
1345 
-2075 
924 
13025 
7142 
-6034 
2413 
-2273 
5570 
-2861 
1345 
-2075 
924 
13025 
7142 
-6034 
2413 
-2273 
5570 
-2861 
1345 
-2075 
924 
13025 
7142 
-6034 
2413 
-2273 
5570 
-2861 
1345 
-2075 
924 
13025 
7142 
-6034 
2413 
-2273 
5570 
-2861 
1345 
-2075 
924 
13025 
7142 
-6034 
2413 
-2273 
5570 
-2861 
1345 
-2075 
924 
13025 
7142 
-6034 
2413 
-2273 
5570 
-2861 
1345 
-2075 
924 
13025 
7142 
-6034 
2413 
-2273 
5570 
-2861 
1345 
-2075 
924 
13025 
7142 
-6034 
2413 
-2273 
5570 
-2861 
1345 
-2075 
924 
13025 
7142 
-6034 
2413 
-2273 
5570 
-2861 
1345 
-2075 
924 
13025 
7142 
-6034 
2413 
-2273 
5570 
-2861 
1345 
-2075 
924 
13025 
7142 
-6034 
2413 
-2273 
5570 
-2861 
1345 
-2075 
924 
13025 
7142 
-6034 
2413 
-2273 
5570 
-2861 
1345 
-2075 
924 
13025 
7142 
-6034 
2413 
-2273 
5570 
-2861 
1345 
-2075 
924 
13025 
7142 
-6034 
2413 
-2273 
5570 
-2861 
1345 
-2075 
924 
13025 
7142 
-6034 
2413 
-2273 
5570 
-2861 
1345 
-2075 
924 
13025 
7142 
-6034 
2413 
-2273 
5570 
-2861 
1345 
-2075 
924 
13025 
7142 
-6034 
2413 
-2273 
5570 
-2861 
1345 
-2075 
924 
13025 
7142 
-6034 
2413 
-2273 
5570 
-2861 
1345 
-2075 
924 
13025 
7142 
-6034 
2413 
-2273 
5570 
-2861 
1345 
-2075 
924 
13025 
7142 
-6034 
2413 
-2273 
5570 
-2861 
1345 
-2075 
924 
13025 
7142 
-6034 
2413 
-2273 
5570 
-2861 
1345 
-2075 
924 
13025 
7142 
-6034 
2413 
-2273 
5570 
-2861 
1345 
-2075 
924 
13025 
7142 
-6034 
2413 
-2273 
5570 
-2861 
1345 
-2075 
924 
13025 
7142 
-6034 
2413 
-2273 
5570 
-2861 
1345 
-2075 
924 
13025 
7142 
-6034 
2413 
-2273 
5570 
-2861 
1345 
-2075 
924 
13025 
7142 
-6034 
2413 
-2273 
5570 
-2861 
1345 
-2075 
924 
13025 
7142 
-6034 
2413 
-2273 
5570 
-2861 
1345 
-2075 
924 
13025 
7142 
-6034 
2413 
-2273 
5570 
-2861 
1345 
-2075 
924 
13025 
7142 
-6034 
2413 
-2273 
5570 
-2861 
1345 
-2075 
924 
13025 
7142 
-6034 
2413 
-2273 
5570 
-2861 
1345 
-2075 
924 
13025 
7142 
-6034 
2413 
-2273 
5570 
-2861 
1345 
-2075 
924 
13025 
7142 
-6034 
2413 
-2273 
5570 
-2861 
1345 
-2075 
924 
13025 
7142 
-6034 
2413 
-2273 
5570 
-2861 
1345 
-2075 
924 
13025 
7142 
-6034 
2413 
-2273 
5570 
-2861 
1345 
-2075 
924 
13025 
7142 
-6034 
2413 
-2273 
5570 
-2861 
1345 
-2075 
924 
13025 
7142 
-6034 
2413 
-2273 
5570 
-2861 
1345 
-2075 
924 
13025 
7142 
-6034 
2413 
-2273 
5570 
-2861 
1345 
-2075 
924 
13025 
7142 
-6034 
2413 
-2273 
5570 
-2861 
1345 
-2075 
924 
13025 
7142 
-6034 
2413 
-2273 
5570 
-2861 
1345 
-2075 
924 
13025 
7142 
-6034 
2413 
-2273 
5570 
-2861 
1345 
-2075 
924 
13025 
7142 
-6034 
2413 
-2273 
5570 
-2861 
1345 
-2075 
924 
13025 
7142 
-6034 
2413 
-2273 
5570 
-2861 
1345 
-2075 
924 
13025 
7142 
-6034 
2413 
-2273 
5570 
-2861 
1345 
-2075 
924 
13025 
7142 
-6034 
2413 
-2273 
5570 
-2861 
1345 
-2075 
924 
13025 
7142 
-6034 
2413 
-2273 
5570 
-2861 
1345 
-2075 
924 
13025 
7142 
-6034 
2413 
-2273 
5570 
-2861 
1345 
-2075 
924 
13025 
7142 
-6034 
2413 
-2273 
5570 
-2861 
1345 
-2075 
924 
13025 
7142 
-6034 
2413 
-2273 
5570 
-2861 
1345 
-2075 
924 
13025 
7142 
-6034 
2413 
-2273 
5570 
-2861 
1345 
-2075 
924 
13025 
7142 
-6034 
2413 
-2273 
5570 
-2861 
1345 
-2075 
924 
13025 
7142 
-6034 
2413 
-2273 
5570 
-2861 
1345 
-2075 
924 
13025 
7142 
-6034 
2413 
-2273 
5570 
-2861 
1345 
-2075 
924 
13025 
7142 
-6034 
2413 
-2273 
5570 
-2861 
1345 
-2075 
924 
13025 
7142 
-6034 
2413 
-2273 
5570 
-2861 
1345 
-2075 
924 
13025 
7142 
-6034 
2413 
-2273 
5570 
-2861 
1345 
-2075 
924 
13025 
7142 
-6034 
2413 
-2273 
5570 
-2861 
1345 
-2075 
924 
13025 
7142 
-6034 
2413 
-2273 
5570 
-2861 
1345 
-2075 
924 
13025 
7142 
-6034 
2413 
-2273 
5570 
-2861 
1345 
-2075 
924 
13025 
7142 
-6034 
2413 
-2273 
5570 
-2861 
1345 
-2075 
924 
13025 
7142 
-6034 
2413 
-2273 
5570 
-2861 
1345 
-2075 
924 
13025 
7142 
-6034 
2413 
-2273 
5570 
-2861 
1345 
-2075 
924 
13025 
7142 
-6034 
2413 
-2273 
5570 
-2861 
1345 
-2075 
924 
13025 
7142 
-6034 
2413 
-2273 
5570 
-2861 
1345 
-2075 
924 
13025 
7142 
-6034 
2413 
-2273 
5570 
-2861 
1345 
-2075 
924 
13025 
7142 
-6034 
2413 
-2273 
5570 
-2861 
1345 
-2075 
924 
13025 
7142 
-6034 
2413 
-2273 
5570 
-2861 
1345 
-2075 
924 
13025 
7142 
-6034 
2413 
-2273 
5570 
-2861 
1345 
-2075 
924 
13025 
7142 
-6034 
2413 
-2273 
5570 
-2861 
1345 
-2075 
924 
13025 
7142 
-6034 
2413 
-2273 
5570 
-2861 
1345 
-2075 
924 
13025 
7142 
-6034 
2413 
-2273 
5570 
-2861 
1345 
-2075 
924 
13025 
7142 
-6034 
2413 
-2273 
5570 
-2861 
1345 
-2075 
924 
13025 
7142 
-6034 
2413 
-2273 
5570 
-2861 
1345 
-2075 
924 
13025 
7142 
-6034 
2413 
-2273 
5570 
-2861 
1345 
-2075 
924 
13025 
7142 
-6034 
2413 
-2273 
5570 
-2861 
1345 
-2075 
924 
13025 
7142 
-6034 
2413 
-2273 
5570 
-2861 
1345 
-2075 
924 
13025 
7142 
-6034 
2413 
-2273 
5570 
-2861 
1345 
-2075 
924 
13025 
7142 
-6034 
2413 
-2273 
5570 
-2861 
1345 
-2075 
924 
13025 
7142 
-6034 
2413 
-2273 
5570 
-2861 
1345 
-2075 
924 
13025 
7142 
-6034 
2413 
-2273 
5570 
-2861 
1345 
-2075 
924 
13025 
7142 
-6034 
2413 
-2273 
5570 
-2861 
1345 
-2075 
924 
13025 
7142 
-6034 
2413 
-2273 
5570 
-2861 
1345 
-2075 
924 
13025 
7142 
-6034 
2413 
-2273 
5570 
-2861 
1345 
-2075 
924 
13025 
7142 
-6034 
2413 
-2273 
5570 
-2861 
1345 
-2075 
924 
13025 
7142 
-6034 
2413 
-2273 
5570 
-2861 
1345 
-2075 
924 
13025 
7142 
-6034 
2413 
-2273 
5570 
-2861 
1345 
-2075 
924 
13025 
7142 
-6034 
2413 
-2273 
5570 
-2861 
1345 
-2075 
924 
13025 
7142 
-6034 
2413 
-2273 
5570 
-2861 
1345 
-2075 
