921 
13136 
6344 
-5549 
2287 
-2183 
5544 
-2881 
1353 
-2044 
924 
13134 
6378 
-5621 
2305 
-2205 
5557 
-2902 
1356 
-2055 
924 
13133 
6417 
-5608 
2309 
-2201 
5531 
-2891 
1354 
-2047 
925 
13133 
6427 
-5660 
2326 
-2213 
5556 
-2898 
1348 
-2054 
925 
13130 
6437 
-5599 
2305 
-2195 
5569 
-2885 
1348 
-2037 
924 
13130 
6434 
-5646 
2311 
-2210 
5552 
-2898 
1343 
-2047 
924 
13126 
6408 
-5713 
2322 
-2234 
5545 
-2926 
1348 
-2067 
925 
13125 
6445 
-5732 
2319 
-2240 
5528 
-2929 
1338 
-2071 
925 
13126 
6449 
-5676 
2315 
-2225 
5529 
-2904 
1349 
-2057 
925 
13121 
6455 
-5657 
2314 
-2211 
5564 
-2895 
1342 
-2049 
924 
13121 
6455 
-5745 
2311 
-2241 
5573 
-2930 
1344 
-2071 
924 
13126 
6471 
-5743 
2314 
-2242 
5563 
-2933 
1336 
-2069 
925 
13126 
6490 
-5698 
2325 
-2228 
5549 
-2907 
1347 
-2056 
924 
13123 
6473 
-5745 
2319 
-2237 
5539 
-2915 
1340 
-2066 
925 
13121 
6479 
-5676 
2328 
-2212 
5546 
-2881 
1343 
-2040 
925 
13123 
6495 
-5708 
2327 
-2231 
5561 
-2904 
1339 
-2056 
925 
13119 
6508 
-5767 
2319 
-2246 
5556 
-2931 
1330 
-2068 
925 
13119 
6519 
-5748 
2334 
-2243 
5558 
-2919 
1341 
-2066 
925 
13119 
6522 
-5673 
2331 
-2218 
5554 
-2882 
1347 
-2043 
925 
13113 
6532 
-5696 
2325 
-2220 
5560 
-2891 
1349 
-2048 
925 
13111 
6532 
-5744 
2333 
-2230 
5552 
-2897 
1345 
-2055 
924 
13112 
6545 
-5663 
2338 
-2209 
5577 
-2871 
1340 
-2036 
924 
13110 
6531 
-5806 
2335 
-2255 
5560 
-2930 
1333 
-2076 
923 
13109 
6562 
-5737 
2341 
-2235 
5577 
-2902 
1341 
-2057 
924 
13110 
6567 
-5799 
2328 
-2253 
5544 
-2930 
1339 
-2076 
924 
13108 
6590 
-5672 
2343 
-2210 
5560 
-2871 
1338 
-2034 
923 
13109 
6595 
-5780 
2332 
-2238 
5552 
-2903 
1345 
-2067 
923 
13108 
6592 
-5770 
2332 
-2240 
5541 
-2908 
1337 
-2064 
923 
13105 
6590 
-5826 
2327 
-2254 
5564 
-2927 
1329 
-2078 
924 
13102 
6583 
-5826 
2342 
-2259 
5573 
-2929 
1335 
-2079 
924 
13102 
6604 
-5822 
2336 
-2252 
5571 
-2915 
1333 
-2073 
924 
13099 
6597 
-5817 
2328 
-2252 
5556 
-2920 
1339 
-2074 
924 
13099 
6615 
-5790 
2342 
-2245 
5543 
-2909 
1334 
-2063 
924 
13099 
6611 
-5754 
2339 
-2231 
5573 
-2891 
1335 
-2052 
923 
13097 
6636 
-5687 
2345 
-2211 
5563 
-2863 
1336 
-2032 
924 
13093 
6628 
-5734 
2344 
-2226 
5570 
-2878 
1339 
-2047 
924 
13096 
6657 
-5707 
2341 
-2212 
5570 
-2861 
1351 
-2035 
923 
13095 
6642 
-5758 
2353 
-2235 
5568 
-2890 
1335 
-2053 
924 
13093 
6646 
-5822 
2350 
-2254 
5566 
-2910 
1338 
-2070 
923 
13091 
6682 
-5700 
2367 
-2214 
5567 
-2858 
1346 
-2032 
923 
13088 
6654 
-5857 
2349 
-2262 
5574 
-2916 
1343 
-2078 
924 
13089 
6681 
-5843 
2356 
-2255 
5551 
-2903 
1338 
-2071 
923 
13089 
6667 
-5723 
2349 
-2213 
5558 
-2856 
1348 
-2037 
923 
13088 
6676 
-5776 
2344 
-2231 
5543 
-2874 
1338 
-2052 
924 
13088 
6695 
-5779 
2342 
-2233 
5559 
-2881 
1338 
-2051 
924 
13081 
6712 
-5725 
2350 
-2214 
5579 
-2853 
1338 
-2032 
924 
13083 
6708 
-5759 
2355 
-2221 
5585 
-2863 
1346 
-2042 
924 
13082 
6728 
-5778 
2347 
-2223 
5569 
-2867 
1348 
-2047 
924 
13082 
6718 
-5894 
2354 
-2266 
5570 
-2922 
1331 
-2081 
925 
13082 
6713 
-5842 
2349 
-2250 
5561 
-2900 
1343 
-2069 
924 
13079 
6728 
-5899 
2346 
-2265 
5548 
-2917 
1333 
-2080 
924 
13081 
6724 
-5867 
2352 
-2253 
5575 
-2905 
1336 
-2070 
924 
13080 
6739 
-5904 
2352 
-2266 
5560 
-2917 
1337 
-2080 
924 
13079 
6732 
-5905 
2352 
-2268 
5567 
-2919 
1329 
-2083 
924 
13073 
6733 
-5909 
2343 
-2268 
5552 
-2919 
1327 
-2083 
923 
13073 
6745 
-5902 
2363 
-2268 
5565 
-2915 
1332 
-2083 
923 
13071 
6782 
-5785 
2377 
-2232 
5562 
-2863 
1346 
-2049 
924 
13074 
6783 
-5865 
2364 
-2255 
5563 
-2893 
1341 
-2070 
924 
13071 
6774 
-5872 
2353 
-2255 
5569 
-2896 
1334 
-2071 
923 
13073 
6804 
-5863 
2365 
-2252 
5580 
-2889 
1340 
-2066 
924 
13072 
6768 
-5923 
2363 
-2272 
5541 
-2916 
1341 
-2084 
924 
13071 
6818 
-5811 
2373 
-2236 
5557 
-2861 
1338 
-2051 
923 
13068 
6834 
-5829 
2366 
-2235 
5575 
-2859 
1346 
-2053 
924 
13069 
6799 
-5892 
2369 
-2259 
5565 
-2896 
1335 
-2072 
923 
13068 
6804 
-5857 
2383 
-2246 
5563 
-2870 
1341 
-2061 
924 
13063 
6814 
-5825 
2371 
-2240 
5568 
-2864 
1347 
-2057 
923 
13064 
6812 
-5818 
2366 
-2237 
5554 
-2864 
1352 
-2055 
924 
13062 
6821 
-5898 
2364 
-2258 
5571 
-2893 
1346 
-2077 
923 
13062 
6840 
-5794 
2369 
-2227 
5569 
-2849 
1349 
-2046 
923 
13061 
6829 
-5879 
2365 
-2248 
5551 
-2868 
1340 
-2065 
924 
13060 
6846 
-5848 
2380 
-2246 
5586 
-2868 
1346 
-2058 
923 
13061 
6849 
-5858 
2381 
-2248 
5565 
-2868 
1351 
-2062 
923 
13059 
6840 
-5942 
2366 
-2270 
5561 
-2900 
1335 
-2080 
923 
13060 
6832 
-5955 
2352 
-2273 
5561 
-2913 
1330 
-2086 
923 
13055 
6862 
-5798 
2387 
-2229 
5577 
-2846 
1346 
-2041 
922 
13056 
6872 
-5906 
2383 
-2263 
5568 
-2891 
1345 
-2072 
923 
13057 
6869 
-5872 
2367 
-2241 
5577 
-2863 
1348 
-2056 
923 
13054 
6861 
-5961 
2364 
-2275 
5554 
-2908 
1325 
-2082 
923 
13050 
6877 
-5911 
2380 
-2258 
5579 
-2884 
1340 
-2071 
923 
13051 
6886 
-5847 
2393 
-2241 
5552 
-2855 
1346 
-2051 
922 
13052 
6885 
-5971 
2363 
-2277 
5556 
-2905 
1341 
-2086 
923 
13048 
6906 
-5892 
2377 
-2245 
5581 
-2860 
1346 
-2061 
922 
13047 
6904 
-5913 
2374 
-2256 
5583 
-2878 
1345 
-2072 
923 
13046 
6898 
-5967 
2372 
-2272 
5557 
-2898 
1338 
-2084 
922 
13046 
6921 
-5858 
2377 
-2237 
5563 
-2854 
1346 
-2052 
923 
13045 
6908 
-5997 
2374 
-2277 
5549 
-2908 
1344 
-2090 
923 
13045 
6911 
-5973 
2398 
-2273 
5542 
-2887 
1342 
-2082 
923 
13044 
6930 
-5839 
2390 
-2231 
5562 
-2840 
1342 
-2045 
922 
13042 
6927 
-5985 
2386 
-2275 
5581 
-2892 
1343 
-2086 
922 
13041 
6941 
-5868 
2394 
-2242 
5561 
-2850 
1337 
-2054 
923 
13038 
6950 
-5933 
2379 
-2260 
5552 
-2874 
1340 
-2071 
923 
13039 
6972 
-5861 
2381 
-2234 
5574 
-2844 
1339 
-2049 
923 
13038 
6964 
-5946 
2398 
-2258 
5579 
-2865 
1342 
-2069 
923 
13038 
6970 
-5896 
2388 
-2247 
5576 
-2851 
1349 
-2057 
923 
13035 
6959 
-6004 
2393 
-2277 
5573 
-2887 
1340 
-2084 
924 
13034 
6980 
-6008 
2393 
-2282 
5574 
-2898 
1337 
-2086 
923 
13033 
6994 
-5942 
2397 
-2260 
5581 
-2866 
1345 
-2067 
924 
13034 
6974 
-5973 
2406 
-2271 
5579 
-2880 
1346 
-2078 
923 
13034 
7005 
-6013 
2397 
-2280 
5575 
-2885 
1336 
-2085 
923 
13030 
6999 
-6035 
2395 
-2285 
5567 
-2901 
1333 
-2091 
924 
13030 
7006 
-6036 
2391 
-2285 
5561 
-2897 
1338 
-2091 
923 
13031 
7014 
-5891 
2391 
-2239 
5577 
-2839 
1350 
-2051 
924 
13028 
7030 
-5949 
2411 
-2260 
5588 
-2859 
1351 
-2067 
923 
13047 
7032 
-5997 
2394 
-2271 
5556 
-2869 
1348 
-2077 
925 
13043 
7031 
-5988 
2415 
-2266 
5576 
-2859 
1342 
-2071 
923 
13047 
7049 
-6025 
2402 
-2281 
5557 
-2879 
1346 
-2085 
924 
13041 
7047 
-5915 
2401 
-2247 
5571 
-2840 
1344 
-2053 
924 
13039 
7042 
-5982 
2406 
-2269 
5571 
-2866 
1337 
-2072 
925 
13042 
7043 
-6063 
2384 
-2290 
5560 
-2899 
1331 
-2092 
923 
13037 
7065 
-6031 
2394 
-2281 
5559 
-2885 
1343 
-2086 
924 
13036 
7066 
-6071 
2386 
-2289 
5567 
-2898 
1336 
-2095 
925 
13036 
7085 
-6063 
2394 
-2284 
5585 
-2880 
1344 
-2090 
924 
13033 
7078 
-5979 
2396 
-2260 
5576 
-2852 
1350 
-2069 
924 
13032 
7097 
-6067 
2408 
-2286 
5572 
-2885 
1348 
-2090 
923 
13032 
7099 
-5943 
2404 
-2246 
5568 
-2834 
1353 
-2053 
924 
13035 
7108 
-6058 
2418 
-2284 
5568 
-2876 
1339 
-2084 
924 
13032 
7094 
-6054 
2405 
-2286 
5578 
-2881 
1339 
-2086 
924 
13030 
7119 
-6072 
2422 
-2289 
5556 
-2881 
1348 
-2090 
924 
13030 
7118 
-6090 
2403 
-2295 
5581 
-2890 
1342 
-2096 
924 
13027 
7108 
-6093 
2402 
-2294 
5546 
-2888 
1341 
-2096 
923 
13027 
7132 
-6059 
2400 
-2284 
5547 
-2879 
1349 
-2088 
924 
13025 
7115 
-6095 
2407 
-2293 
5551 
-2891 
1341 
-2095 
924 
13029 
7137 
-6080 
2408 
-2286 
5545 
-2872 
1340 
-2088 
925 
13025 
7132 
-5997 
2406 
-2260 
5551 
-2845 
1353 
-2067 
924 
13025 
7118 
-6020 
2410 
-2264 
5581 
-2846 
1347 
-2070 
924 
13028 
7143 
-6060 
2419 
-2276 
5580 
-2863 
1350 
-2081 
925 
13028 
7153 
-6014 
2404 
-2260 
5564 
-2844 
1347 
-2067 
924 
13027 
7147 
-5968 
2410 
-2245 
5572 
-2828 
1347 
-2051 
924 
13025 
7134 
-6092 
2417 
-2293 
5578 
-2888 
1336 
-2090 
924 
13025 
7165 
-5953 
2423 
-2246 
5567 
-2819 
1343 
-2048 
924 
13021 
7183 
-6042 
2407 
-2275 
5565 
-2858 
1349 
-2074 
924 
13022 
7165 
-5982 
2425 
-2257 
5586 
-2835 
1352 
-2055 
924 
13023 
7170 
-6004 
2432 
-2267 
5571 
-2845 
1342 
-2062 
923 
13021 
7166 
-6128 
2405 
-2300 
5558 
-2890 
1338 
-2096 
924 
13020 
7208 
-5967 
2414 
-2248 
5584 
-2827 
1356 
-2051 
923 
13018 
7205 
-6090 
2424 
-2284 
5575 
-2865 
1350 
-2084 
924 
13018 
7196 
-6056 
2428 
-2278 
5567 
-2859 
1346 
-2077 
924 
13018 
7206 
-6003 
2412 
-2259 
5579 
-2839 
1343 
-2062 
923 
13017 
7213 
-6045 
2427 
-2273 
5561 
-2848 
1346 
-2074 
923 
13015 
7195 
-6138 
2428 
-2302 
5575 
-2884 
1339 
-2097 
924 
13019 
7227 
-6000 
2429 
-2261 
5580 
-2833 
1354 
-2060 
923 
13015 
7193 
-6102 
2419 
-2292 
5574 
-2878 
1344 
-2088 
924 
13015 
7198 
-6147 
2420 
-2305 
5585 
-2892 
1339 
-2095 
924 
13014 
7216 
-6068 
2422 
-2279 
5592 
-2857 
1348 
-2075 
924 
13012 
7242 
-6066 
2422 
-2277 
5574 
-2854 
1349 
-2073 
923 
13012 
7245 
-5992 
2425 
-2256 
5588 
-2823 
1350 
-2049 
923 
13013 
7214 
-6141 
2426 
-2305 
5566 
-2888 
1337 
-2093 
923 
13015 
7266 
-6130 
2440 
-2297 
5567 
-2867 
1348 
-2089 
922 
13014 
7254 
-6045 
2428 
-2268 
5575 
-2837 
1353 
-2065 
924 
13013 
7271 
-6016 
2432 
-2257 
5571 
-2823 
1355 
-2056 
923 
13013 
7259 
-6103 
2432 
-2289 
5553 
-2862 
1351 
-2083 
924 
13010 
7281 
-6092 
2433 
-2277 
5585 
-2845 
1353 
-2072 
924 
13010 
7305 
-6061 
2437 
-2271 
5572 
-2835 
1350 
-2064 
924 
13008 
7296 
-6039 
2432 
-2264 
5581 
-2828 
1346 
-2057 
924 
13010 
7310 
-6061 
2433 
-2266 
5565 
-2828 
1353 
-2059 
923 
13013 
7315 
-6056 
2425 
-2268 
5568 
-2835 
1347 
-2060 
924 
13012 
7346 
-6053 
2428 
-2262 
5582 
-2827 
1349 
-2057 
924 
13008 
7319 
-6160 
2431 
-2298 
5554 
-2869 
1353 
-2088 
925 
13008 
7331 
-6175 
2426 
-2301 
5557 
-2874 
1341 
-2088 
925 
13008 
7328 
-6106 
2452 
-2279 
5567 
-2842 
1337 
-2066 
924 
13010 
7346 
-6217 
2444 
-2313 
5565 
-2887 
1332 
-2097 
924 
13006 
7383 
-6077 
2425 
-2264 
5575 
-2823 
1352 
-2056 
924 
13006 
7368 
-6158 
2430 
-2286 
5578 
-2852 
1346 
-2079 
925 
13006 
7351 
-6218 
2434 
-2305 
5569 
-2872 
1347 
-2094 
925 
13005 
7373 
-6206 
2446 
-2302 
5565 
-2863 
1344 
-2090 
925 
13004 
7386 
-6171 
2436 
-2295 
5559 
-2860 
1350 
-2084 
926 
13005 
7384 
-6082 
2440 
-2263 
5569 
-2821 
1343 
-2055 
925 
13001 
7371 
-6240 
2434 
-2312 
5563 
-2881 
1342 
-2098 
925 
13002 
7398 
-6234 
2436 
-2312 
5567 
-2880 
1337 
-2097 
926 
12999 
7395 
-6210 
2452 
-2300 
5565 
-2855 
1344 
-2088 
924 
12998 
7413 
-6100 
2437 
-2268 
5590 
-2823 
1344 
-2060 
926 
13001 
7404 
-6255 
2440 
-2318 
5564 
-2884 
1335 
-2101 
924 
12998 
7417 
-6197 
2453 
-2301 
5580 
-2860 
1336 
-2085 
924 
13001 
7411 
-6122 
2457 
-2275 
5578 
-2827 
1341 
-2061 
925 
12997 
7443 
-6176 
2442 
-2292 
5574 
-2848 
1340 
-2077 
925 
12996 
7422 
-6249 
2437 
-2314 
5595 
-2879 
1342 
-2098 
924 
12997 
7434 
-6268 
2455 
-2320 
5567 
-2881 
1336 
-2099 
925 
12994 
7436 
-6125 
2458 
-2276 
5561 
-2823 
1338 
-2061 
924 
12995 
7449 
-6112 
2461 
-2273 
5585 
-2821 
1356 
-2061 
925 
12994 
7448 
-6270 
2453 
-2320 
5548 
-2879 
1334 
-2100 
925 
12993 
7465 
-6253 
2462 
-2313 
5572 
-2863 
1345 
-2094 
924 
12993 
7455 
-6182 
2452 
-2296 
5582 
-2844 
1343 
-2078 
924 
12995 
7469 
-6178 
2453 
-2293 
5558 
-2842 
1341 
-2075 
924 
12989 
7487 
-6279 
2440 
-2323 
5577 
-2880 
1334 
-2100 
924 
12990 
7488 
-6139 
2458 
-2278 
5587 
-2821 
1354 
-2064 
925 
12989 
7479 
-6198 
2465 
-2297 
5575 
-2845 
1342 
-2077 
924 
12989 
7473 
-6251 
2445 
-2314 
5564 
-2867 
1351 
-2097 
926 
12989 
7502 
-6163 
2452 
-2277 
5588 
-2823 
1354 
-2066 
923 
12987 
7510 
-6252 
2455 
-2307 
5570 
-2853 
1341 
-2090 
923 
12993 
7493 
-6279 
2446 
-2319 
5571 
-2877 
1346 
-2099 
925 
12994 
7487 
-6286 
2457 
-2319 
5585 
-2868 
1346 
-2099 
923 
12994 
7490 
-6301 
2465 
-2327 
5572 
-2882 
1333 
-2103 
924 
12995 
7538 
-6273 
2469 
-2314 
5592 
-2857 
1343 
-2095 
925 
12990 
7498 
-6255 
2468 
-2314 
5589 
-2858 
1348 
-2089 
925 
12989 
7524 
-6221 
2466 
-2296 
5578 
-2832 
1352 
-2078 
925 
12990 
7552 
-6176 
2463 
-2286 
5582 
-2823 
1350 
-2066 
924 
12987 
7554 
-6287 
2462 
-2317 
5575 
-2858 
1343 
-2099 
925 
12989 
7539 
-6237 
2471 
-2301 
5557 
-2835 
1342 
-2080 
924 
12984 
7550 
-6177 
2464 
-2283 
5577 
-2821 
1356 
-2068 
925 
12985 
7546 
-6310 
2463 
-2322 
5575 
-2860 
1354 
-2101 
924 
12985 
7555 
-6330 
2453 
-2329 
5564 
-2875 
1334 
-2105 
925 
12984 
7578 
-6216 
2476 
-2291 
5569 
-2819 
1356 
-2075 
924 
12984 
7574 
-6333 
2460 
-2330 
5563 
-2871 
1342 
-2104 
923 
12983 
7598 
-6273 
2464 
-2309 
5557 
-2840 
1351 
-2089 
925 
12980 
7599 
-6247 
2463 
-2304 
5576 
-2838 
1344 
-2082 
923 
12982 
7582 
-6231 
2484 
-2301 
5587 
-2830 
1353 
-2079 
924 
12980 
7625 
-6335 
2467 
-2327 
5572 
-2868 
1348 
-2104 
924 
12981 
7607 
-6216 
2466 
-2293 
5585 
-2823 
1343 
-2070 
924 
12978 
7606 
-6347 
2461 
-2333 
5568 
-2874 
1341 
-2106 
924 
12977 
7614 
-6332 
2481 
-2326 
5580 
-2859 
1339 
-2100 
924 
12976 
7638 
-6209 
2471 
-2290 
5569 
-2818 
1339 
-2068 
924 
12974 
7628 
-6270 
2471 
-2305 
5561 
-2829 
1349 
-2081 
925 
12974 
7633 
-6195 
2470 
-2283 
5565 
-2810 
1361 
-2064 
925 
12972 
7633 
-6234 
2471 
-2289 
5561 
-2814 
1362 
-2071 
924 
12974 
7633 
-6323 
2480 
-2323 
5548 
-2853 
1346 
-2097 
923 
12974 
7644 
-6343 
2490 
-2328 
5566 
-2852 
1360 
-2101 
924 
12971 
7646 
-6308 
2479 
-2314 
5575 
-2841 
1359 
-2089 
924 
12972 
7649 
-6341 
2471 
-2330 
5567 
-2863 
1345 
-2100 
925 
12973 
7650 
-6287 
2484 
-2311 
5562 
-2838 
1354 
-2085 
924 
12973 
7665 
-6302 
2484 
-2315 
5572 
-2844 
1351 
-2088 
925 
12972 
7652 
-6388 
2483 
-2341 
5563 
-2873 
1356 
-2110 
925 
12973 
7657 
-6323 
2484 
-2322 
5566 
-2845 
1347 
-2091 
923 
12971 
7691 
-6311 
2488 
-2313 
5573 
-2832 
1354 
-2085 
925 
12971 
7692 
-6367 
2489 
-2332 
5576 
-2858 
1359 
-2102 
923 
12970 
7708 
-6301 
2478 
-2308 
5562 
-2828 
1361 
-2082 
924 
12967 
7714 
-6253 
2493 
-2296 
5568 
-2815 
1348 
-2065 
924 
12970 
7695 
-6377 
2492 
-2337 
5566 
-2866 
1346 
-2103 
925 
12969 
7727 
-6359 
2502 
-2325 
5569 
-2843 
1348 
-2093 
924 
12968 
7719 
-6311 
2497 
-2316 
5564 
-2838 
1352 
-2082 
926 
12968 
7694 
-6407 
2488 
-2343 
5572 
-2872 
1356 
-2107 
924 
12965 
7720 
-6409 
2476 
-2341 
5550 
-2870 
1340 
-2104 
924 
12967 
7740 
-6321 
2492 
-2309 
5569 
-2822 
1355 
-2079 
924 
12964 
7712 
-6418 
2484 
-2345 
5571 
-2871 
1355 
-2109 
924 
12967 
7748 
-6324 
2488 
-2312 
5566 
-2826 
1354 
-2081 
924 
12961 
7753 
-6408 
2499 
-2334 
5594 
-2872 
1359 
-2101 
962 
12988 
8207 
-6996 
2508 
-2307 
5817 
-2934 
1348 
-2072 
1230 
13155 
10763 
-8660 
2560 
-2311 
6137 
-3045 
1359 
-2071 
1318 
13450 
11479 
-10248 
2646 
-2392 
6316 
-3205 
1362 
-2198 
2377 
15377 
14768 
-12696 
3011 
-2541 
6552 
-3229 
1505 
-2200 
2053 
15435 
14953 
-12063 
2910 
-2490 
6735 
-3237 
1404 
-2157 
1901 
15542 
15349 
-12087 
2894 
-2589 
6891 
-3252 
1417 
-2149 
1848 
16177 
15647 
-12476 
3054 
-2860 
7161 
-3451 
1474 
-2275 
2055 
16920 
16088 
-12548 
3333 
-3183 
7465 
-3599 
1478 
-2377 
1965 
17418 
16231 
-12498 
3606 
-3302 
7788 
-3704 
1485 
-2516 
2109 
17550 
16477 
-13116 
3799 
-3442 
8063 
-3778 
1504 
-2626 
2301 
17825 
16673 
-12926 
4019 
-3585 
8289 
-3850 
1525 
-2704 
2233 
17950 
16862 
-12809 
4191 
-3718 
8544 
-3925 
1523 
-2800 
2229 
18043 
16976 
-12705 
4311 
-3772 
8674 
-3934 
1534 
-2836 
2250 
18141 
16966 
-12739 
4450 
-3888 
8836 
-4044 
1768 
-2820 
2305 
18258 
16920 
-12875 
4579 
-3998 
8994 
-4138 
1560 
-2901 
2269 
18293 
16989 
-12819 
4678 
-4044 
9135 
-4149 
1587 
-2936 
2277 
18320 
17175 
-12554 
4770 
-4037 
9239 
-4134 
1581 
-2927 
2287 
18362 
17182 
-12598 
4854 
-4093 
9457 
-4227 
1600 
-2948 
2296 
18397 
17189 
-12602 
4925 
-4148 
9465 
-4253 
1595 
-2985 
2299 
18426 
17139 
-12798 
4991 
-4226 
9440 
-4344 
1578 
-3030 
2310 
18447 
17258 
-12897 
5058 
-4232 
9467 
-4337 
1591 
-3024 
2317 
18479 
17338 
-13973 
5135 
-4253 
9473 
-4364 
1622 
-3032 
2325 
18462 
17256 
-14080 
5190 
-4318 
9504 
-4446 
1613 
-3079 
2338 
18493 
17347 
-13867 
5246 
-4314 
9532 
-4428 
1619 
-3065 
2340 
18498 
17324 
-13945 
5287 
-4361 
9527 
-4488 
1629 
-3099 
2347 
18529 
17387 
-14081 
5332 
-4388 
9518 
-4525 
1649 
-3115 
2355 
18532 
17430 
-13923 
5381 
-4393 
9513 
-4540 
1649 
-3111 
2357 
18541 
17413 
-14055 
5415 
-4443 
9524 
-4599 
1655 
-3151 
2364 
18554 
17545 
-13791 
5468 
-4421 
9552 
-4580 
1682 
-3112 
2373 
18579 
17654 
-13824 
5520 
-4404 
9565 
-4553 
1683 
-3090 
2376 
18585 
17523 
-13755 
5550 
-4487 
9594 
-4637 
1682 
-3168 
2381 
18585 
17461 
-13825 
5562 
-4517 
9585 
-4678 
1687 
-3181 
2382 
18604 
17594 
-13824 
5619 
-4512 
9586 
-4667 
1697 
-3180 
2385 
18602 
17645 
-13824 
5650 
-4510 
9605 
-4675 
1704 
-3158 
2389 
18627 
17627 
-13824 
5672 
-4549 
9651 
-4703 
1706 
-3192 
2390 
18644 
17603 
-13824 
5699 
-4582 
9637 
-4742 
1722 
-3210 
2395 
18643 
17660 
-13792 
5726 
-4581 
9666 
-4723 
1720 
-3217 
2395 
18638 
17794 
-13637 
5766 
-4538 
9673 
-4682 
1732 
-3172 
2401 
18648 
17636 
-13824 
5781 
-4626 
9691 
-4775 
1739 
-3240 
2399 
18654 
17700 
-13696 
5810 
-4621 
9718 
-4758 
1728 
-3237 
2400 
18662 
17831 
-13824 
5839 
-4593 
9741 
-4723 
1756 
-3210 
2406 
18661 
17700 
-13824 
5862 
-4661 
9749 
-4801 
1738 
-3257 
2410 
18661 
17870 
-13792 
5884 
-4599 
9785 
-4725 
1760 
-3208 
2412 
18672 
17952 
-13562 
5914 
-4608 
9846 
-4714 
1760 
-3206 
2413 
18677 
17958 
-13494 
5950 
-4620 
9865 
-4714 
1764 
-3212 
2417 
18691 
17896 
-13825 
5960 
-4660 
9880 
-4760 
1763 
-3240 
2418 
18706 
17974 
-13467 
5981 
-4667 
9914 
-4753 
1781 
-3240 
2422 
18720 
16424 
-13824 
5999 
-4731 
9907 
-4834 
1768 
-3293 
2422 
18723 
17897 
-13457 
6028 
-4706 
9957 
-4789 
1781 
-3276 
2425 
18730 
17981 
-13314 
6059 
-4687 
9986 
-4755 
1795 
-3259 
2426 
18741 
18068 
-13312 
6076 
-4678 
10038 
-4737 
1806 
-3249 
2428 
18737 
18079 
-13312 
6088 
-4686 
10041 
-4741 
1807 
-3269 
2432 
18737 
18084 
-13312 
6110 
-4692 
10070 
-4737 
1812 
-3268 
2430 
18749 
17891 
-13585 
6124 
-4789 
10088 
-4842 
1814 
-3343 
2436 
18739 
18028 
-13312 
6157 
-4746 
10151 
-4769 
1834 
-3314 
2436 
18738 
18118 
-13312 
6171 
-4726 
10184 
-4738 
1829 
-3286 
2438 
18747 
18112 
-13312 
6189 
-4725 
10222 
-4738 
1832 
-3285 
2441 
18748 
18074 
-13312 
6202 
-4777 
10256 
-4767 
1844 
-3324 
2442 
18767 
18153 
-13312 
6225 
-4741 
10290 
-4714 
1844 
-3294 
2442 
18773 
18201 
-13312 
6236 
-4760 
10312 
-4725 
1843 
-3308 
2443 
18776 
18094 
-13312 
6249 
-4823 
10334 
-4789 
1853 
-3364 
2444 
18771 
17539 
-13312 
6259 
-4831 
10362 
-4793 
1855 
-3368 
2446 
18775 
18218 
-13312 
6286 
-4774 
10386 
-4719 
1856 
-3312 
2450 
18772 
16822 
-13312 
6290 
-4865 
10425 
-4810 
1849 
-3390 
2451 
18778 
18241 
-13312 
6322 
-4778 
10454 
-4703 
1864 
-3316 
2451 
18774 
18277 
-13312 
6334 
-4786 
10497 
-4692 
1873 
-3318 
2450 
18784 
18260 
-13312 
6352 
-4796 
10537 
-4693 
1868 
-3323 
2454 
18790 
18276 
-13312 
6373 
-4812 
10567 
-4697 
1883 
-3344 
2456 
18783 
18035 
-13312 
6367 
-4895 
10576 
-4795 
1863 
-3408 
2456 
18784 
18120 
-13312 
6392 
-4871 
10601 
-4745 
1870 
-3401 
2459 
18789 
18059 
-13312 
6397 
-4901 
10635 
-4767 
1888 
-3414 
2463 
18805 
18122 
-13312 
6415 
-4896 
10665 
-4755 
1881 
-3409 
2466 
18805 
18153 
-13312 
6415 
-4920 
10691 
-4779 
1894 
-3422 
2465 
18803 
18334 
-13312 
6440 
-4849 
10736 
-4681 
1904 
-3367 
2463 
18806 
18349 
-13312 
6463 
-4856 
10764 
-4674 
1887 
-3382 
2466 
18808 
18107 
-13312 
6467 
-4935 
10760 
-4784 
1878 
-3439 
2471 
18815 
17352 
-13312 
6479 
-4934 
10777 
-4773 
1893 
-3440 
2470 
18812 
18229 
-13312 
6490 
-4922 
10812 
-4742 
1898 
-3427 
2473 
18809 
18191 
-13312 
6500 
-4924 
10825 
-4743 
1893 
-3432 
2473 
18817 
18350 
-13312 
6510 
-4904 
10897 
-4691 
1909 
-3410 
2475 
18822 
18126 
-13312 
6546 
-4901 
10926 
-4679 
1902 
-3415 
2478 
18821 
18285 
-13312 
6544 
-4920 
10922 
-4718 
1905 
-3434 
2476 
18824 
18439 
-13056 
6560 
-4880 
10956 
-4646 
1912 
-3387 
2478 
18827 
18321 
-13312 
6587 
-4942 
10986 
-4705 
1914 
-3461 
2478 
18827 
17442 
-13223 
6598 
-4911 
10991 
-4676 
1909 
-3428 
2482 
18823 
18215 
-13312 
6589 
-4970 
10996 
-4747 
1917 
-3492 
2481 
18827 
18234 
-13312 
6597 
-4971 
11012 
-4741 
1925 
-3484 
2482 
18824 
18411 
-13040 
6604 
-4930 
11039 
-4676 
1928 
-3437 
2480 
18833 
18481 
-13010 
6632 
-4917 
11081 
-4642 
1926 
-3423 
2480 
18837 
17566 
-13312 
6626 
-4992 
11085 
-4735 
1920 
-3489 
2482 
18833 
18360 
-13305 
6648 
-4977 
11063 
-4714 
1933 
-3468 
2481 
18833 
18491 
-12800 
6671 
-4926 
11142 
-4639 
1950 
-3426 
2484 
18840 
18423 
-13072 
6678 
-4958 
11154 
-4662 
1953 
-3454 
2486 
18837 
17509 
-13312 
6675 
-5016 
11143 
-4738 
1942 
-3497 
2486 
18834 
18432 
-12984 
6696 
-4969 
11188 
-4659 
1965 
-3455 
2486 
18838 
18435 
-12800 
6710 
-4983 
11225 
-4663 
1952 
-3465 
2487 
18840 
18374 
-13068 
6705 
-5006 
11232 
-4691 
1942 
-3494 
2488 
18840 
18374 
-13057 
6708 
-5016 
11220 
-4714 
1932 
-3515 
2487 
18844 
18499 
-12801 
6736 
-4989 
11246 
-4666 
1966 
-3481 
2489 
18864 
18305 
-13312 
6742 
-5040 
11285 
-4727 
1957 
-3510 
2489 
18869 
18518 
-12800 
6767 
-4988 
11295 
-4674 
1975 
-3469 
2493 
18868 
18376 
-13056 
6766 
-5042 
11356 
-4704 
1957 
-3503 
2494 
18866 
18361 
-13312 
6775 
-5048 
11346 
-4716 
1963 
-3514 
2494 
18875 
17459 
-13029 
6771 
-5049 
11378 
-4705 
1967 
-3525 
2494 
18871 
17414 
-13066 
6787 
-5058 
11374 
-4722 
1952 
-3536 
2495 
18872 
17780 
-12800 
6820 
-4985 
11375 
-4642 
1979 
-3477 
2496 
18866 
18014 
-12800 
6818 
-5004 
11431 
-4629 
1997 
-3484 
2497 
18866 
17858 
-12800 
6835 
-4970 
11472 
-4584 
1990 
-3464 
2497 
18867 
18358 
-13055 
6831 
-5051 
11414 
-4700 
1978 
-3530 
2495 
18874 
17906 
-12800 
6841 
-5033 
11481 
-4644 
1992 
-3524 
2497 
18868 
17953 
-12800 
6855 
-5022 
11469 
-4642 
2006 
-3513 
2499 
18877 
17870 
-12800 
6849 
-5003 
11512 
-4593 
2006 
-3483 
2499 
18875 
17911 
-12800 
6872 
-4988 
11542 
-4569 
2005 
-3479 
2501 
18871 
18514 
-12800 
6863 
-5051 
11485 
-4650 
1998 
-3539 
2504 
18880 
18504 
-12800 
6869 
-5065 
11490 
-4678 
1990 
-3557 
2504 
18876 
18586 
-12800 
6888 
-5027 
11507 
-4641 
2004 
-3521 
2503 
18869 
18110 
-12800 
6897 
-4989 
11525 
-4591 
1997 
-3504 
2503 
18874 
18638 
-12800 
6915 
-5034 
11525 
-4640 
2001 
-3537 
2508 
18874 
18191 
-12800 
6918 
-5072 
11543 
-4666 
2013 
-3572 
2510 
18875 
18480 
-12800 
6898 
-5082 
11513 
-4689 
2015 
-3561 
2509 
18873 
18643 
-12800 
6925 
-5050 
11605 
-4618 
2033 
-3528 
